10100100000001010000000000001010
10100100000010100000000000000100
10100100000001100000000000000001
10100100000010000000000000010000
00000000000000000100100000010000
10100100000000100111111111111111
00000000010010010001000000010010
00000000010000000001100000010000
00000000000000000010000000010000
00000000011001100000100000010110
00000000010000010011100000110100
00000000111010000011100000010110
00000000111000010001100000010000
01000100100001000000000000000001
00000100101001001111111111111010
00000000001000010000100000110010
00000000001000100101100000110000
00001100110010110000000000000010
00000000001000100101100000010010
00010100000000000000000000000001
00000000010000010101100000010010
10001101001010110000000000000000
01000101001010010000000000000001
00000101010010011111111111101101
00000000000000000100100000010000
10010101001011010000000000000000
00000001100011010110000000010000
01000101001010010000000000000001
00000101010010011111111111111100
00000001100010100011100000110100
00000000111010000111000000010110
00010100000000001111111111111111
